Rewards
-66.78988491587748
-71.63249448820335
-74.17369083301003
-70.26886605091407
-69.80829608040435
-99.183454685105
-99.44610068239459
-96.59000952610819
-98.72815954686888
-91.42309103254328
-107.68238160454482
-105.73662968368704
-102.51006127042012
-77.28208055982233
-100.16420994317656
-76.17417830288859
-103.73572265687399
-99.69597193082174
-108.11268984268295
-105.44493034736439
-115.35346131183455
-112.3487100083238
-120.20406016496631
-109.91840376166317
-74.42128536132203
-104.83306779085348
