Rewards
-379.4264874468947
-113.48010446145936
-147.71190727838223
-334.61011441929907
-237.0095073611086
-127.79640239690809
-125.61147903442267
-141.02981605641168
-117.54861102101009
-67.18398702174724
-6.505204812468776
-72.61780189710757
26.3495677832787
-77.83370372347134
-73.80980097242664
-99.7544299588016
-166.73882194357623
-116.05187939843566
-230.8712645214957
-93.26317296989004
2.3929430772085283
-107.47838663390624
-97.44282723588596
-54.075115618045025
-361.49442293387114
-124.90557409894093
17.510778991880983
-189.41552371060732
-110.57000881588063
-102.04650574758831
-226.45122837920172
-435.2435145392737
-38.47281627173011
-140.59357385636974
-85.89696871026382
-198.36135282395804
-129.95185973045207
-77.09458295959452
-368.16684897503586
-155.56433602224746
-56.25656876511853
-43.720322279706195
-73.25179513738783
-214.99798725230684
-274.1740643539331
-125.3017289270487
-396.65449095544045
-164.19355759170895
-331.5391433738941
-176.00785203546818
-220.2571049354572
0.12129429874021014
-20.288200793982625
-59.584689395715465
-102.96652894764819
-194.72606658528542
-24.936016464439717
-174.33011281228806
-87.90676288014002
-149.72052511655005
-96.39213992214943
-273.0485129963011
-321.262169694037
-293.03921581834015
-93.58657919106633
-74.10419010373678
-312.2273021823779
-153.83478353426142
-278.8578106887587
-183.44616881025638
-317.7437913264511
-19.73924024692981
-358.5923467484686
-44.92944864602579
-93.62907536380659
-37.304055974195585
-283.86664547326006
-219.2977706807863
-284.99250318957104
-294.46620255767436
-106.59851591070014
-371.26741105141053
-248.572345311703
-98.46345315873828
-163.0350796535688
-133.12002078352268
-148.74395790212492
-274.7884421623571
-217.0523460303734
-172.87807162103616
-120.2623252660307
-141.3670735951215
-236.0479912826281
-201.68288248510794
-137.5255354025183
-96.07414135104257
-183.72648389758888
-318.2724452893918
-234.08889036859614
-106.53470858395936
-98.75621977768763
-118.28078061803166
-297.4205035981188
-91.28740839748828
-144.4747024417744
-106.80420360437721
-352.2523351758905
-171.51084324302306
-244.82954197487362
-271.79442618287146
-88.83373651929952
-426.1540391368767
-142.90881216339267
-80.90653030142089
-86.27959634898777
-271.8601957539345
-261.7409473896476
-66.43130109614938
-86.83398742764071
-169.16782055558448
-100.83037006219925
-118.9274147991278
-308.83679330890027
-92.10288035262668
-220.99223968499547
-55.21207308295684
-87.83564801962004
-54.578666319985146
-56.331578999036395
-186.11274507332348
-102.56091598521007
-164.0778915893377
-298.6332128759549
-140.16285254772333
-102.98809525564104
-84.6971741449273
-288.92190717564426
-114.43710572522467
-236.7504735107599
-104.03058872872775
-30.50170588973431
-50.65409370012246
-187.23109787622792
-109.24154075679263
56.489997333933616
-263.4814172358537
-71.84042263690185
-308.1916318310633
-79.66355881577934
-221.16658901472556
-167.68307298017683
-150.309869834472
-91.80771815294715
-95.64294971490256
-168.89751379984386
-59.748937423890155
-99.72390851251191
-282.1745076856253
-91.66650594601789
-81.5567347505866
-44.10403495880816
-125.1727698333639
-157.2924181043134
-97.8463825870567
-136.08337446517893
43.26680327208733
-107.99977247112166
-56.27795229309771
-48.24152396367971
-208.17703454996985
-237.05178542761055
-158.09467224567504
-66.37414161004213
-249.9723925142056
-63.919880686624694
-49.728542845808825
-85.74246243212019
-94.66673259657603
-194.74911539142573
-132.03181261330064
-401.8618643960085
-65.6219960682951
-110.24587001113545
-106.36839667995568
-367.73498542457963
-57.70021924966672
-170.98389062403126
-76.53120865899136
-552.0114796250864
-208.41307334090567
-322.01391434117625
-222.36171378223395
-208.52666325713892
-127.78803863470031
-173.67265823800898
-93.84583593534305
-14.419547112110479
-378.28623014575066
-65.64656197478311
-432.7024211395772
-50.7271893042532
-64.62642715321816
-376.93359989777105
41.146389821767514
-321.6795473460734
-142.0800305745958
-77.28895657695512
-246.8853364681062
-214.9364278683227
-132.11023722884897
-315.42211497604393
-128.3412953396098
-220.05331514962347
-293.7686853858346
-287.6770794234192
-107.82161436580124
-194.29206493771147
-237.49791408709987
-190.5863658128474
-83.32773348525787
-244.3253165337931
-177.22063312343
-132.86826741264386
-90.2188929990165
-215.5655933439598
-106.49914371717712
-5.855792645126812
-134.34550543796013
-158.67653116532534
9.087703281239143
-91.16707023229121
-304.13639616165915
-233.0111491265593
-142.07811018228557
-222.9560448481207
-66.25285224582069
-53.80266192205264
-99.80367502906006
-93.62586590731075
-75.18161669668484
-101.26394320216863
-385.99314778684516
-343.8901008778638
-43.752468265689274
-61.34115652251609
-26.323128004716494
-283.0594030139233
-394.6389479351595
-443.07743537405014
-102.80629527180025
-67.8327264376093
-120.28167088568539
-370.42306377971346
-117.68349191812203
-47.00589531562383
-240.93443757852148
-326.10692503148016
-370.880658713293
-206.34762975548182
-45.31998948923933
-55.47073075904656
-96.40734005441593
-379.25308258208514
-244.0314494284362
-151.13587654540584
-285.6608360694298
-240.3776827084643
-170.34889188854828
-501.11780052550887
-96.57214929044221
-255.32328882888157
-205.47669004125316
-252.9125747323345
-80.69585081288582
-162.77974879610497
-324.24152216696365
-566.3428327031469
-116.77481366366462
-69.77227912789371
-210.9922593602341
-272.32862240530187
-255.1289528658886
-451.035815740008
-114.41863900106046
-213.9611074957467
-211.637902493596
-241.78672499272702
-362.83174314904727
-130.09008232929162
-309.85300798844463
-208.3380585985191
-278.1976679761075
-88.30765879026322
-190.37658310875935
-124.29047550702342
-110.46761141830633
-375.27525091864305
-38.918675018759124
-28.678340387899866
-62.61845704382846
-144.03109592673582
-421.6684709789474
-198.9224533042388
-80.48617041521672
-76.83429366839113
-327.3618214714829
-303.0800706933287
-322.5158869160074
24.33028815469349
-93.56378177603041
-312.66265706539195
-91.57094446667762
-465.8667079602922
-385.20861268869044
-117.32905277083569
-115.10191278922514
-190.37231328726352
-74.50825147797626
-36.926402749874384
-235.4570791741772
-91.84765699109323
-109.37817931278047
-93.63154994329642
-129.1734159979714
-92.87255509453567
-611.3330987295841
12.989170130892418
-62.21321025240704
-290.5505381910152
-79.2798736608605
-56.45619211127666
42.75106796557816
-45.933044824000376
-159.39266119723868
-80.92440335102599
-23.13805618836885
-42.43187128375925
-96.42525293934868
-297.3200172928032
-139.92465918054205
11.385638404289296
-42.07113729628274
-95.13507892796912
-83.97860777409022
-43.824453462338624
-227.1517770323253
-267.4128712415047
-111.73811626526074
-293.53408554995974
-162.07790403555902
25.05046815779393
-460.88631779162637
-259.6035264532378
-79.44413347226288
-47.52489135981748
-111.19550626515431
-37.43651483270044
-127.81578166294852
-349.0930982927666
-60.576165538666196
-405.24422287014835
-116.6522962239272
-260.76079317443856
-156.97005609442266
-394.4124022470519
-197.1354657811318
-452.4680917899789
-63.43140500181701
-367.3644549214044
-76.65594088539912
-116.94687166649256
-161.6306236952637
-243.58891740547742
-74.07354385436174
-336.19268714236557
-84.52664995207778
-86.44293496305215
-59.99575502440699
-371.0182373903728
-246.48612074272717
-52.19263730131159
-335.42660607009464
-27.664969454881486
-582.9680778472498
-86.04100194535874
-376.4625177666676
-60.731219300343064
-251.5528390451978
-260.4339169504217
-176.98166966224443
-314.81112893133167
-247.27074622185825
-33.45612739349521
-100.89387940993686
-347.59726804243587
14.19030507364721
-14.312497748148289
-18.232214127189494
-187.50279580305167
-112.18544275002864
-131.3390445875653
-92.80288883996151
-47.588588985863524
-428.05886704541336
-136.3002687385229
-77.24680079250741
-82.31496288769094
-103.75555171474579
-73.02346890304158
-41.27926402059367
-84.64722420113259
-129.7890123619004
-97.95902943762334
-96.25809747789906
-22.526464294376368
-73.19622261996224
-203.81478156138036
-127.29508330143197
-39.20241285572153
-255.0476086855253
-94.47059629105766
-35.33790673720091
-120.92585243226898
-112.6133082839155
-66.48242702791548
-62.458004409717745
-65.23599715501356
-62.63620947479429
-122.0123289102822
-49.84394920703173
-181.28676527840412
-99.14314438028151
-186.16821715209977
-38.422981626709486
-103.62420672386563
16.612131951234986
-7.7286222805874285
-43.47542136532725
-81.16188546916523
-54.27535230244307
-177.89058910662905
69.00920080791968
10.721695057532088
-233.70614128662547
-68.73428687748233
-104.67316564260562
-33.416987753942635
-108.87505728673355
-185.07009129413336
-190.38045188524944
-27.43167830212643
-36.31664670447175
-37.04215364861577
-89.33740928860632
-34.53491116812735
-46.79559228421634
-88.78444044038784
-68.7109904049424
-70.77180772831254
-103.9601794148447
-79.29404274518802
-29.14121332483029
-57.395976633731756
-66.21303927512446
-40.07984414416221
-169.37208506573998
-64.87684271939824
-50.020042727868756
-63.55067603814369
-49.427795431439705
-254.3657978211349
-140.91357361243078
-130.17404082970282
-98.01236264330822
-14.26712879362843
-16.431018735626395
-40.81266211804176
-13.707287665691211
-102.89036595036785
-10.522766190796148
-109.06832335163882
-79.06622292753543
-115.3202949934699
-20.417311513458372
-192.7350081323719
-39.657428331342786
-38.96795870178187
-132.8440528890936
-56.425495671595165
-115.81227404750308
-62.565737419967974
-96.12948223398861
-85.98275511631475
-66.37913863672132
-268.6763136084874
-28.416591383591722
-195.86339093743862
51.59694382812381
-28.78474617623438
-23.604161065623998
-88.47604046034196
8.97788891341905
-96.32899541009172
48.8734549772132
-55.87297156174927
-19.863672657277974
-78.6221231459939
-44.53039774976399
-118.28552741910333
-16.82848100046442
-179.97004269151688
-87.44283004522931
-105.7713038928323
-65.00062419464078
-8.871918987728321
31.68849499787555
-49.27818010685564
-36.68436038819772
-2.121800174000626
-46.89041718139126
-36.217776057609996
-80.71079341519766
-140.279348809108
-83.66005762775123
-56.59484240161373
-52.83251124564131
-95.94924978706106
1.5941638188859173
-87.23698593234104
24.39066081197622
-113.88076719251985
-134.8419196502303
-68.64687908000654
-35.646761329874934
28.102263014646255
-67.57329404284947
-99.29519377750468
-56.9571491475835
-117.922184422097
-23.033895915671707
-60.37272365570363
-92.54973600980556
-89.81777006206487
-47.087188501842064
-162.39015588626953
-32.638780581971346
-7.7057913264512905
-8.517786520139055
12.406441996667468
-121.63825528257085
-5.053681453552585
-57.78855674638773
-64.34451041584353
-8.430222579921278
-112.66103469099949
-253.92322341585722
-9.418973144656675
-208.41979529178667
-63.460864813162374
-114.30807407745775
-202.81189233575404
-151.94547754759094
-49.718323808778536
-158.31528795553072
-174.63641991798738
-88.42357787264203
35.78541151324549
-57.49546702428647
37.986393177380286
15.937907890045324
-42.00561256827562
10.665101585546694
33.534985771794794
-367.8400091164133
-308.15553805073756
-12.487207706995122
-111.3230931517875
-20.501421504672237
-18.49375919759447
-88.62668503758493
-177.30613169002996
-86.9987634848624
-78.53277937528661
35.22266315366139
-48.53142779684699
28.43241731845316
-210.22129624572295
-122.0207413643532
-185.690259421686
-44.16803051715043
14.803500956536766
-262.14629966010386
-102.14160254086921
-0.571840200992284
-87.07265606231252
-47.60388760253579
-70.55805230977553
-7.730566615242481
25.67439612071849
-22.060440878672694
-158.17914603450805
-9.204365926852148
-154.50763695675457
-88.90245518103981
-74.02828497976233
-60.32219489414467
-281.3480564118283
-45.911340938475306
-136.55058908968664
-42.098545535197744
-170.26864381305475
-41.979271530056664
-51.47931671297681
-42.69180233296811
1.8453488225821388
-53.0993834909681
-36.23432760613426
16.49844343402276
-112.65701752293413
-57.869907013655975
-195.61398599527445
-24.825403326580584
-162.56213252514524
-310.2266836879673
-54.56351329526774
33.27439152139914
-61.71443765352656
-66.03724890122774
-143.9561920692409
-74.70088846024495
-60.63266583150522
-46.078198437547684
-328.021267057434
88.03710021735998
-102.58582014733766
-198.69453445142187
-81.68351650713359
30.24627333904425
-100.72702331905585
-133.67062590271112
6.5285336508814416
-77.83007002847043
-90.18245209475363
-50.58308154612793
-4.531046720798088
-25.728546603544217
-3.075103847548448
-86.42459121647053
-7.07276907394872
30.00920899567799
-45.116742773003594
-170.04916712160272
-68.80230495882059
20.63094679289901
-26.573010271705627
40.39850204047423
-126.12463234503998
-34.46155088911509
-1.9368569684495043
-22.657962731465744
-59.58545395642243
-54.76945596882925
4.62237064434882
4.920671757832068
-20.89434931897504
-255.81701736188376
-213.08350918964646
-100.58570285667707
18.789279064971566
-126.45791255138313
-191.27178104280065
-294.5343431422571
-23.92289942686959
-28.770113856656437
9.588569693762068
-107.20076652356268
-45.6074243215315
1.988744189106985
-64.63279094346943
-29.324379961176845
-56.972318320781355
-110.32592868898155
-31.015974565422667
-66.87957088106666
-7.1919267905604265
-31.479741971154407
-249.4240090238714
-29.370147904954294
-40.7393142870246
4.633229442786018
-15.23544346547962
-12.221353814587346
-21.745826952734447
-18.651436571644666
-49.77948420093329
-141.11534085247183
2.535616460962496
-98.59147982354887
-57.21324114504189
-42.06373891003648
20.25046724161946
-56.862326716666544
-132.55408648314898
1.0117485675139335
-45.69967339639898
-8.58174817574357
-9.22315260327867
4.990337342783377
-23.49391857456216
-161.41528261788991
-14.87518943042889
-28.9136368671309
-171.06385802777504
-11.365077703072203
14.375955367478085
-91.8730426835583
14.643014618512202
58.01671054051491
6.196478022561465
7.095981460571878
-80.13386417352113
-333.1258110172743
16.71937774200555
7.433917350047736
-271.1029357268607
-35.95759717420317
-306.7874018821202
21.691789488141524
-111.38065758494665
-33.2184057162733
-165.34302830749212
-370.6561246492204
-136.35500892114948
5.95200539261251
23.313191856885027
-66.35535454616877
-28.927461183558275
-54.96142492770624
-23.909734779674807
-15.337769524993249
34.12858930044811
29.36734167288992
-18.02210373143373
-114.30529286417303
41.80528242933056
-267.73027637223646
12.596583354359101
-65.34273421277922
-226.89422566864448
-17.058819666137367
8.422675785446373
-214.96766071938137
28.030223766430804
-117.85724866441342
-7.875601034475436
-47.50882849019112
-114.62327954482416
25.69657854789807
5.717436761465933
-20.508440381336285
34.459349810737166
12.867885108656932
-71.18088906229752
-26.255474132725194
-148.59991305830061
42.87118813849193
-144.2547010715172
-190.5324107047475
7.18714151740228
18.910666292846198
-137.2922777703711
19.298801300059424
-238.09193980682264
-88.5751469962597
-21.66383016194345
-34.63786065962266
-159.97730484831476
-88.95869260795789
-167.95505451783833
-120.08871895884201
9.563129822973906
-152.30705340920787
32.93019478422242
-59.81742440718551
-173.61599675813
-46.977566856430784
-1.451202840754064
14.992566310064433
-57.63143630268355
-12.367598955390589
2.1015763414850928
-35.15203170605679
-144.3993168161076
-91.17254434064228
1.5673831286428879
-249.707132009111
32.185091032985184
20.8129952890556
-98.54085862721968
-104.37558490313418
5.3201686658947835
-118.60392177367505
-171.4727011722848
-208.60708526390147
-11.066187029537737
-150.91342527628257
-147.64649012012154
-94.56149279399077
-78.9078891237657
-45.43308937628296
-188.55567180182788
-249.74090763212587
-101.42433698802573
56.72418156671936
-2.3791180284730515
14.878664497345834
-0.002717791073649778
-144.67880758823912
33.213739217683894
-20.053542997958164
14.442877569393799
-85.91180587770646
-6.113711124269145
26.99377638942326
-81.02465119934602
-52.364832476177654
9.959746903931176
-186.17605300050877
-138.12356492849702
-14.081981725008674
-88.50109479760725
-131.50605596501538
35.128598202733656
9.742505334696446
35.6842719492998
-94.81790565324457
32.31435563438825
16.55182315778501
29.9304731677652
32.855079709283956
-45.74808039307696
-27.63771163454504
21.690903256598986
6.354503338063041
-19.357464689690804
-129.81270511852733
-144.2263650478015
12.07642782946657
-191.68546925769215
-50.5432113750866
22.09037112137372
4.951341234906863
-30.754391814034648
-33.25022169905448
10.22179652800068
-123.1659892504303
-57.743972066618966
2.1209863267590325
-109.39949932837592
10.54771845470281
7.260411503769077
29.93993111004911
-27.482316098370774
9.398538502083412
-127.76290296611106
4.8341643460027495
-249.0775055690428
43.41668205766183
61.89056309841406
11.881743046638135
2.856698977111117
-3.7528574405808115
13.232482856165642
43.54026852583087
-0.2060201002622506
5.45612156758753
6.415120417296322
-8.080073225507235
-38.126336162915365
-15.239369875045478
15.94827954771678
20.400697148056793
-6.093678075370718
-20.523079844663272
26.249531098410188
5.962765336227704
24.978083792184762
-23.878744170585847
-11.341893758479259
-19.373055792613144
31.362958453304316
-30.826773534544586
12.29010823984359
-30.51435877979425
-7.81427981747855
-27.56875878953958
53.43305166624335
37.42262700229012
48.36452135426151
18.946939544336047
28.40302608131094
-16.039566762634067
-13.046241999220342
0.023532765388765142
47.45101101797226
43.131780854744875
-0.7370438226599272
35.06658021607569
-110.76602272436602
-100.53791812988834
-96.30579851249638
-51.47455809348952
-196.87760473725285
-52.36813175463636
-2.9228025063048193
-11.082239156313818
18.096077947845302
-67.68709021923864
-142.28774301939342
-85.05243927357357
-7.4878338524535
13.984050935470561
9.585723726981499
31.461461938735322
-7.614385714636839
-7.568023106068495
-10.500535239017827
43.41860311272468
35.62767945901936
-31.534073490080942
-27.078969707900406
59.19393389384111
-8.019484498231648
6.241303010054651
-38.82409214569989
40.64601506273732
-84.57883161782114
11.762088459691384
-26.896773056674277
-57.93875742150959
45.41651859101221
-74.07249043480948
-43.874882888578774
-44.88657357790669
-51.81464446679955
-15.707264841158963
-63.39673685080827
29.38105458777298
77.97611186534132
11.05156342796558
2.3132105083981287
63.468496380535015
-24.797930465404836
14.4442441370485
52.06997554071762
-16.568645130221977
-127.88724339123458
-29.162865599774705
-68.29647677458325
-3.0060366596646304
42.3184008420545
-5.1817962417077865
46.91960535693087
29.510820271166924
56.5649169818094
23.973612815330696
15.316269461355056
17.423978421648165
-28.95081841213985
-6.913042051077511
4.105070442322343
31.47007995392814
-43.144199588513246
28.31424695421046
19.590041411844386
19.565026053642754
-8.29813399680009
71.21714102971875
13.645308819876114
-61.48890872245185
60.42822967545216
51.54630999489896
-193.62184934335397
63.85705395553636
4.92132463184069
-6.402166807424138
29.281086929303285
-14.831993534599974
32.154545921632774
-156.73984498238326
-40.364152652234225
-229.26152387888925
-112.6844438093497
25.41293434315216
-3.4044568719939283
-50.8738447161425
54.44369458068443
14.94607932684046
23.241439297351146
-69.00138335862965
34.13984645785539
-27.649024679456456
-17.422208521092145
7.426277788210683
8.870397716821396
-14.988859301919044
-37.53896402145633
-28.8683729896649
-219.77365549057515
28.708743474445637
-31.634218994344366
7.653541064925776
12.449092154960866
35.55707816853203
-9.799153236290259
-129.7310466300078
-19.149436199236717
35.85130338101192
24.895498122423504
-21.47276611995908
-46.478885538818844
-60.272571342838404
20.647385447376436
-39.06994374561033
-18.027136436247336
-20.406877395840624
-46.34770502984921
-62.365069939276694
-84.85070739507425
35.515486046288565
18.91245272476631
-174.2580558609066
-0.6214235611952268
54.92996469110978
-21.264761676131286
-56.048275527458884
-65.0787388413106
-53.38356992804337
-33.308977462567555
55.347792192417096
-42.3128638487192
-21.823329902521834
-8.709746798071455
-45.53357198710706
24.26171178981015
23.66484060466453
-41.4679113615623
5.0331889665893215
-182.21193349383145
70.15940972066208
29.239713590895093
34.90085708323619
-6.7124369841654214
-3.7958188883966955
-11.224983330680729
16.81309324443839
-15.15582226211814
-35.18438397701233
8.642929642492916
-183.1036353026884
-42.65271581829897
39.76703079697927
17.538985795103585
-30.467993330964717
17.25592876056722
23.882524714753558
-8.345913166142935
5.318132270791862
-62.380736338760116
17.338717231863612
-23.39359379438787
-80.51276829928649
63.697893119656605
22.77496614735683
-26.969447625260464
11.175983105001013
-61.23797912452589
63.60305409239547
1.9232691298787739
-21.2319498659746
-81.12146335027077
-10.686754931964975
-101.16723683413862
-35.2526275007108
-20.556669244894138
-175.4277356794226
-172.26119465024777
-64.75473098297938
31.75660480093441
0.34383626026158254
-145.4102438588214
-192.54953398984009
-39.77273410622918
-69.16329197052333
-125.98538009717026
19.180798128024193
-174.4702501586391
-170.65308633787458
-13.968095382508393
-67.38058924832896
-75.66209818034866
-80.67078873534555
1.668938954251968
22.424186351026563
3.855702920448943
-111.72812460032345
-9.364031165458073
-42.67664033369405
-45.72003667159315
8.517748833598437
49.86825002468203
10.24505241429793
46.30062100890881
-48.63061840808025
66.41440570418578
-227.2931624601801
17.214262765626618
-28.86815203880293
60.62244566652954
81.22848413408995
-33.16214923442266
58.07656457918826
-44.040929170758986
-20.057380734618224
-76.64385471505268
22.023365150198742
59.19407650334395
1.5439603932836798
-22.13883044308764
34.87361128250748
-10.891192767885357
-2.426156789968587
-12.91848198616583
49.749999017810104
95.31937695287026
95.34615215493388
21.097673908455747
45.59796077345652
-28.853135672914064
10.971009624846047
6.182402980054974
-30.1350107804151
52.1861610558052
-25.910753384486753
28.358795561893913
13.517391308133853
78.7798808173166
-6.394732869208639
50.202883529175665
-57.18538495720366
-3.9974413029484026
29.880769297360217
-9.024260408321432
-4.061579495450892
59.61060741656139
-114.98996128323607
56.58922331193682
2.4068636311367877
-54.232366218216804
-26.012427037673604
24.72146570496255
-25.609978925253774
20.15760271762135
-201.91210833206614
46.543625485550464
-74.75540409999473
-16.933995323489057
14.302010502168724
2.91840473646684
-16.270830324018597
-63.98844472535774
-4.510019335992126
6.341352704668083
-26.28133067947468
-51.91165631964555
-11.963744484941353
-33.16924415182928
-114.80878606163614
-59.90594747513523
-16.131258095031917
-38.79580723367593
-51.729516022841
-80.7915519261408
22.94681994070458
-91.93350104710733
-35.2228630011501
-37.526640113937404
8.02427855074011
-84.8081183416704
-17.12826550383519
-48.27758372946327
-27.414058952239287
-47.43206393834839
-0.7289593945557922
-101.63443393889618
11.803510954129592
12.264081000243534
-10.97312425283066
-47.754253562443466
-27.546024983016196
-97.64463910160403
-152.01514701591339
-52.094529738512975
-52.49924623711747
-26.890237399290655
-6.971668660452835
-156.49337943473813
-62.57752333653765
-22.967945096141467
-1.4806201659848408
-156.4681644028114
-170.05656658633615
-41.63514551754911
-141.47671571949638
-74.25815417108687
-29.169934191233754
-123.39264774988479
-73.88682586518044
-10.900364488779584
-45.53458070160539
-63.57035732758004
45.52805269203923
-99.46378544617345
-15.103484736393266
-53.95956957947325
-61.58403165291962
-140.16635599990423
2.0312715117539
-33.921939937695164
-141.1720772442264
-24.819030917965517
22.818828495061943
27.233314753950456
-23.5176722354714
27.76156608886143
-248.7672690773932
-25.35469374029372
-76.41736516433294
-61.07650126376537
-51.85818056654389
-203.61161622162348
-28.26401311522112
-3.6143957900176003
-29.309705028597435
-139.1045633476628
-9.76428925962842
-39.60356532852262
-219.30717764631078
13.877872206503536
-71.47328585540275
20.36686647635138
-24.097777457835576
38.30290824958661
22.81804374494902
-37.62555860818884
-81.64639484946184
-47.244002327023
-248.46764497369338
-61.39851113191975
-108.7787515037406
-180.51104458927927
2.009066655960593
-79.57198854841282
-14.423408781272919
-115.18067081380978
-143.9920815411937
35.64259334736297
6.101169566540186
-31.60069185893424
-27.62187980389554
-4.3676997012975844
76.11317664745225
-61.70896049421923
20.999421943140913
14.22230163005485
-99.43891910836417
38.07193590582924
35.54495452586498
63.82297044497117
-5.6400040142682
62.71946928239936
48.04795534399133
3.3296679248393737
-4.144150501523845
11.43490370537539
48.838569318250045
40.37663994195627
1.2468323207413903
-20.958681416381935
-35.89434561872224
6.221074299008077
20.081083377971275
5.726010175186559
53.18058993432384
-77.48359519380855
-123.34972777539244
44.3738615237902
-52.868287032283966
-214.5721017315406
25.153200503297604
34.08485149110283
52.04588012562217
23.090747887249485
33.08543814070995
37.25365236054529
-97.92497686317235
-88.32169286204578
-14.442209406303334
53.72302800051707
-1.9448671261333026
-23.35891946839878
57.962253394363074
16.479401857644064
-11.07730811715849
-23.010245926562618
73.05302082146032
-19.869257531642305
86.9868067799482
7.613730927860615
-8.511235542223188
45.0392219293803
48.92956267588911
-116.22918488012735
60.466342714603115
74.09140414180352
57.21802427074271
39.90617952677832
37.777725111726156
43.9440918194312
88.85546161382864
74.2752470583776
14.120607773544405
14.785925462624691
26.445620576495983
9.548012866456617
-5.665191884485971
53.7329811585932
-68.58085519068291
79.52147270777881
106.69804602603186
28.888174658579544
-24.752878037662697
56.67034198398696
51.83182156322313
-195.0001835513605
103.48954385779433
90.17649843612398
72.22404576441386
-6.144522633015413
-136.26948484202006
62.56776873939328
65.36159663905735
-40.86447294081063
-113.32977047924551
91.7509441669762
180.37260804540918
44.53076909842062
1.9372706821422554
1.2449252916255773
66.71347920613012
148.20696031336365
68.52288837409509
-26.08613091966638
-18.168025970451524
118.85144965204707
21.301715906191163
100.05455301895458
103.15798830792819
-83.14988670795924
-61.707204230806624
95.5568198054161
-176.0216656181886
19.14845133182427
31.741199646308132
57.39111683026064
87.89280971597844
86.11101754070263
54.15359730434084
-5.549151697816711
60.58682053088032
93.41575682488386
51.30579027186457
61.686795325017286
2.1419884895828716
75.35364276483463
138.74885177317304
69.14188082031428
129.07330803033489
51.95833572994547
51.38909923407783
-2.892790515715234
94.84596837960318
112.2406904533097
111.00629741784725
47.84402659264461
130.04806395470158
60.43261939489949
91.4548115922444
45.1281529575854
-39.507833247724164
104.28486598570838
101.73116927198232
42.39113749087187
160.33849206816834
120.28376280407926
114.57568995367762
13.5184635086611
61.02396862205571
-13.38341547798072
80.8567481707777
158.29982904430494
97.28524839804172
0.7813761037435445
-24.445830384021757
-3.610414035358204
1.3968133837142602
52.32478054080022
-25.032782090732184
110.78141858557163
127.20816058565785
142.16227994475315
118.60944716222302
85.51511427882834
34.59072801327818
-16.707931421044478
137.44587750630376
67.4483347174054
111.24412611166805
-52.48664749644102
138.86905782387387
44.919542982559854
46.66211202062556
8.132480702646234
120.44654752831136
20.93356055182919
127.34225673641382
64.273610306176
109.78641716337462
58.53209542485942
105.51032405911931
-31.21888730002749
88.46309777002205
137.68611738458392
49.080472236402954
108.2008518912123
129.07399845355184
19.89219193395435
4.994483417659978
117.03281128736326
-30.53470227511869
70.58245417831645
34.72041566888478
-0.13643880070513603
126.30018672198077
122.28417697940236
-26.85898969402851
66.59310336962726
101.49030512985645
39.510031752932235
105.28350661701556
40.433140611150236
67.55430193778435
79.55171922369216
176.53950061003837
109.09608205152163
74.537348942758
46.17959428545383
61.492559297358525
-23.584885864324292
63.829948208404645
-44.234032074883416
4.876289198898263
65.10146062681532
-17.93492999402963
71.92995798779603
52.54352710551911
1.5363807301534393
-39.89885115650084
60.218620362587686
66.91448481682946
66.98559748474132
59.20755340992375
97.00999014389515
92.24115763585739
53.2612492768144
81.04514120665026
28.6148377228361
26.036040318279163
36.137583189801674
-44.333537524819064
44.46092451585621
71.10135295090217
61.205936012381734
101.59101068109129
68.75435715161305
51.079460590405986
72.68253058635146
88.78275145088475
46.08896929922195
104.68613849288718
170.87623779863765
48.055013637854756
54.44475158288668
59.90915554713446
32.18857810568247
50.57027592458622
93.09359228105833
146.09212022607008
18.49971977446316
21.774818066099527
27.744652655475022
76.361119237882
105.11310080347049
92.0362912074367
69.34457119411204
15.581021538513554
81.79419464629716
103.7549724199395
66.37095769603516
24.66234378140237
227.0752396625611
105.96629886686374
-7.458277161329494
-12.769673422902557
12.728270441935832
-156.5695085752365
84.1096880778993
18.703938484264942
86.3943167970586
64.94188632108747
82.06553805027534
-15.649081667163358
-39.4059987281418
54.22722686922436
76.95503926395148
58.85420021443158
-191.5435013995977
77.5828886993721
88.42034573920496
-81.23047731662271
77.99348729239605
19.184401504455
11.320033547577621
10.610925441468453
-12.083828856274259
74.0195214983327
177.96637214175138
66.69799745160515
-12.340312489788545
97.26045531842215
48.37014170559591
90.3238260038474
-1.0985057543384364
39.843295094763405
-9.838962206674449
-16.068058300108444
-67.6498410623638
67.89988271783163
2.366204451182756
33.758974343633284
-6.442630078416343
95.5146711779917
55.913287681978126
70.30175214333693
77.19525880207335
-109.05226950293674
13.934404169385529
63.742329021908596
96.23695416638083
31.62211051826483
45.703442814614085
9.209996495665125
-46.20892595509149
108.62636214972389
110.07256797388129
-21.964379461413586
136.33097080972573
2.2676029317878204
95.4874216291958
-30.692772662510876
16.412850372546906
47.10500795071748
120.25675208226134
-63.78838688795474
37.20143665096842
96.69685072608861
-1.6061486900090358
53.08027474508775
150.79463990968466
65.51395701730134
95.90871463181814
5.64996944273291
145.24596348623132
105.86672507503332
154.1312623000878
78.81093648027664
-26.24577146976442
47.23201223876782
120.10336807565567
149.25845478407857
159.23634841715503
139.54059076276494
151.97865261612768
115.82740425640762
78.61552748952222
115.05404551939742
105.79115552306394
135.63840483031964
130.07234534260616
137.87737353793457
-20.217963639989975
98.20257655297321
69.14064047949864
75.04142753304565
18.7038527662297
218.4716845266732
88.77141568185915
100.68268417052097
90.13162975676364
74.94882169353326
17.816643831079745
127.96908514301317
92.24421633079344
157.57042897698508
90.72482223714518
114.54592610007087
42.995647452125354
-28.988790066911577
50.32230548735063
56.51559220701819
124.88231233655785
-11.491633643158764
136.3401527131811
97.41847728600763
107.23251069625539
118.64195409503516
255.01801418467878
130.81629579952875
110.53585919308136
132.9139143125795
-6.911979617617519
154.68214777232365
64.31911125230133
69.70382259036033
104.90741136367981
-79.54941740579692
84.10334845698637
74.01511722189811
89.38634695533634
104.57176532094505
114.64908074339473
117.18144982386936
103.2288461353467
-10.040865891540477
121.62877965549623
124.82939320625349
124.29574314048396
93.20198760091128
28.68903483496129
-45.23860412581115
114.67064982227866
106.52018723641548
109.57487243793949
13.32307989189357
106.42188883450856
-1.0141414354043832
110.8966696838883
130.33616748198952
144.33621238654484
66.26284531309476
26.37753820232419
-6.582520954917214
-41.386219716757154
-13.81942370759657
10.23256800966756
90.95875898303355
-26.538908098974105
-6.163338966751979
162.97798552944153
123.50060032790742
-29.67403128518241
69.5714762471326
-15.780109892200116
42.702431676844924
-11.279564472161823
165.1551583296607
196.0822098887562
34.03631276416411
-30.38082411801497
-30.636808392413002
54.26217753093886
-1.8245872224933208
-10.808882817639372
54.57327635408719
-12.909417555645035
183.17019012780582
51.95891544561677
174.040858580029
183.33581115882356
-53.63033122601564
-99.63885935112951
179.7326195843484
220.46240757449294
184.03998545800908
-39.01455642216884
11.698607773727787
220.15694663284188
88.31150421146953
-52.946298362415675
53.514276195000846
156.57025781285375
153.1145003921347
-44.08340185349938
-58.051771324138286
67.33836935804536
20.991759082881572
49.360007837753116
182.76169668710747
52.13833415566623
-8.524926530195472
182.71521339867547
211.57199701612944
155.4402077580898
-27.03485650854786
188.42993630422131
-18.709278714890758
37.56443479199645
48.31449519815685
124.13265436989892
-2.7648056408222486
102.42737391849889
65.8316257401979
142.32370608307735
182.80544900584982
96.59585388117154
26.726427001110057
51.38403358755923
145.8248025945734
60.00884893366521
169.783744956778
168.91219310789705
169.27991714216597
87.74972847937563
104.84933109065486
91.4622616317264
176.43464279728258
79.52099424758255
93.54328041971344
-17.477830992082303
113.70669058354854
61.94705314925478
258.96088644822254
86.13255400994612
122.34641266741922
107.64477106568987
42.613786497586105
208.9838924469184
201.68304380348025
32.69709177858877
115.60274467595659
69.23173459346523
197.3973318529463
-16.00954150479717
54.336267136078455
-18.68483327471843
151.54691623675293
88.14237561488035
119.08414830581731
88.38567777165362
122.99325129868957
134.78005832885424
75.70087071895232
57.95112414358513
116.38852456667607
22.32322121633227
114.24793116520908
33.66388396435096
54.063964873337795
93.66634286158703
109.943950363846
214.666407968241
229.8263122403961
106.17357900138606
137.4856250124053
92.23955153214997
132.7711941973499
232.50661967270682
28.91593040954399
126.11676070309905
83.67464953316362
16.461643296087658
159.90830459372182
95.23272377933687
3.6581443679984744
18.66457352671968
128.22874699636958
60.79028455858106
233.0455546648935
79.95979526780485
201.12528468105936
131.56771721843694
71.03346498241115
207.8190787218062
12.141865764185127
107.38418825144778
139.09795356331924
101.787550772215
197.4520663669316
82.28100298634799
100.36417057861159
108.54948198460193
-1.7840620234345863
92.08839884404509
87.45603488503879
126.316067504361
68.34057904416686
131.53081870503405
207.91083964355948
-26.53548772641284
167.09188196435343
27.738217871119247
-4.9944778244773005
91.60318982318445
102.32925049349993
102.08078054870407
105.53531803171599
115.26424294041173
193.62329811114193
112.93068117816685
117.87114844839532
97.13428048689819
123.72393927382832
88.98983464068989
144.3081237566891
147.40119839464975
14.985140408511697
199.91223449217492
24.383619124739226
129.97972712770297
97.96274775477117
99.37309918579601
-6.519105365805004
152.0122113301657
109.16403173139645
120.90212631746257
124.42698604917435
122.37701764307342
196.48897177401193
99.76035112552867
-11.422891621521046
133.6705268159435
-5.405659482990288
77.98517464836296
-7.973052763306285
107.11920662182929
118.62080693583752
87.86281008418537
94.96881382233609
193.00274972095227
109.36845718280671
254.47445689518733
107.27551055705699
-11.780219273058592
95.50205968207632
48.74094496878157
125.80271028389437
218.2849656142426
108.91365029233415
143.57786322796053
117.76955616071089
107.34213713773296
-6.311108575778576
59.22832232888271
87.53859847008488
231.31143790703365
136.53680669355683
124.656397257134
63.66750039025955
146.34156066398617
0.7504468536992448
252.88857669046337
201.66824332022725
149.85066472717705
135.0937514203236
119.96186647091771
197.29361766637706
125.87588126929438
41.937367205705755
129.56896543796407
113.56036942586692
133.51116065069868
113.46693480735597
107.58760155827547
126.3611772547417
110.39214646140547
68.31459856947762
73.68749459330667
115.75822958310975
147.98208951406136
101.92265907895123
46.773041809491666
139.1457121226507
108.31526587574746
-0.15476041969029097
-6.669570186414234
96.86766734760826
122.4736233068409
88.46361603358254
102.83351449553074
102.24516346726786
39.27453616588693
130.45586574091195
99.53203141584008
82.75308687476165
97.6673787900377
127.73384610422902
148.5986141948692
209.20364422329519
75.09680683959718
223.5285961578398
-3.684158924889374
49.16681179408309
85.81803274041374
127.48395669602225
106.88850510486631
103.14697176865349
211.90781910587904
154.80692025676038
136.3588180833386
111.48784983862011
108.98990635541034
257.754746860601
135.83073780206945
85.51786822916183
189.23833507660572
31.441253099765532
242.93914535435098
249.36272225611478
-18.31761998567842
276.6999885129755
206.54918892213487
262.559763799916
264.5670523233077
234.27372388099278
-22.843364795304467
253.79703426203002
-39.6818764440421
226.73855533422267
94.83005150653685
220.14202079716438
173.6615596251034
117.43347438141232
33.43691109221109
245.70171316047117
101.2532243568552
271.59241566442756
46.349638590869574
84.73723753009176
256.70843386459603
251.39635304581418
104.9097897293006
141.92857374862731
185.01389119676116
160.02135744276228
-22.814255595661066
217.88592025027407
-27.00620219585538
79.06326392655063
281.99188194672
-1.2572926671090698
-7.233983682281561
142.78208479225617
149.17774469611402
101.64429792083426
128.1866421170474
256.9101374384036
202.3861075534283
40.384329784395845
58.30092954359844
219.93755086247137
-20.479217333273397
103.94358173688613
224.80059126898055
113.66081808208493
39.616435397338506
18.712525110915223
106.9696454002977
77.42743612860775
-33.99238999661553
112.50087997968731
14.40114250582522
225.48416672008128
235.83084700881975
232.3923190966589
47.53009494059302
102.71681469073182
79.89976215625818
212.2283786922905
23.614356929703618
161.3869442943823
111.10627917378785
90.04071056762295
183.07632963167168
241.31850663912272
7.8769398973424956
201.28455894648624
204.68222704040318
-16.42534140866057
267.7573878180399
63.772740787475726
-46.71720537663876
-56.19750480404046
114.24075362743962
-12.693582090445133
-24.25758214368993
-29.102097218257157
227.33176448501902
-39.129256299648574
-20.666537597390857
116.76267232103785
105.92831133731963
-18.083703130388812
205.01314164910005
-32.02754648523184
72.5421772974228
82.52361942161174
-5.611070186589231
67.0579028646852
104.14320953165041
76.40838238493743
120.6640385295859
71.0489868358266
95.35340802316755
91.59465149213895
114.51766020975457
97.68714944360532
111.264305731022
75.4330676120172
97.43412487634657
75.59221128075923
194.38712436965008
96.2165729125525
104.10444030210765
54.25115557702582
82.3632186497013
61.294257649792236
137.32569572789095
88.13466140392288
91.11716600365952
139.42689896347022
136.63029662436816
104.64974686009911
114.87469017528673
139.06732207092668
119.94957276561041
110.52398902337869
149.82325830103812
-22.54996081047382
146.40288615840183
241.40211094228158
122.553118303622
83.41486043736893
138.88198025371778
-59.96474969578284
47.78470127512574
99.3062802684975
87.35944631007497
151.16267498731284
110.56511317685467
110.24704250740173
125.52469465594594
121.81430417733976
140.16820714600223
106.75235844421188
169.45117467621867
133.72346538893444
211.2905243780935
166.52793731581895
143.33110419988404
116.82880239169963
154.5312506724797
134.13239223527168
223.06146492414894
152.3297748520905
-22.686091667371997
224.90771169539764
-0.6623193767034365
-5.212217236051714
159.52526993647902
-86.0143871507333
58.67025125809516
35.571795328856325
-34.66685604740205
188.7452262961043
104.97962970130004
184.76862666848047
101.36185903433704
34.65615661825953
114.03067932179655
90.90001289664201
97.75736312586483
89.68606585925987
136.17306076434798
-7.2194587603647165
151.59439937307818
-3.014141592928823
36.00568002931041
135.02635805227203
139.0488117729747
211.26898586598773
128.99210287105598
189.4910963450797
241.0276688288087
28.194943748047507
109.78653763291364
128.20145749469577
124.67343039162506
97.46222200069361
18.77374413608902
120.72101432555547
92.39944456548051
42.293661780035535
119.81270964660598
25.982236286554624
13.843419413156909
3.1045755974752183
70.263487173654
154.44483684975654
153.1666713823778
139.86885028547678
152.17494172568766
160.15420861058243
120.49386538944917
32.33015643501918
-26.382317610033027
120.70628929386432
118.87801935924
27.704840993675518
252.40622753654992
7.26765494797381
-1.1460628222561553
125.52440666917533
-26.28835387330156
44.30957588769769
155.12601304916518
-15.52924215737282
33.50152316401582
145.58113829128564
6.667789251191394
126.56567630642553
-7.513185743766456
19.30322286130476
-37.92728250460067
34.08658965902873
5.066565743431227
43.149145186050504
211.19311852545988
132.08755718246314
164.9194489647396
42.24224231711358
159.70668986767387
129.42354977302736
156.7343535099472
173.158464815756
102.60224057036763
122.77648824976897
146.43561293097576
115.77858586892762
92.06438866443507
132.5177064742007
126.29031875809059
119.28261760289752
111.22442136363794
150.819980177627
107.77228215690539
130.0958377114425
66.95579595063552
155.22586290828758
140.27145679723276
32.56334443103404
21.52306797853457
262.22505605500635
103.32481293279847
44.293722018650755
268.7342648158028
140.76776061774117
90.76313961890634
123.2066353630628
158.21970529621947
159.6522982958576
-4.454695306851832
104.0694121415363
230.7140000063144
104.22464056667125
172.6787273724699
-8.12148172066496
127.55475473075735
5.791935069465453
77.97451210965755
24.17869803174439
143.80017568026622
240.99709527302844
175.8217386965767
57.80241463381043
83.49785017390678
-10.476831513693242
41.902180857234555
28.85761992919572
139.3705237388968
118.64793239663373
115.09908288161651
247.62675754513035
45.0454738413803
21.467242427871994
171.34517890517824
25.292360179440152
65.745790310344
153.755088279571
96.05832052818334
32.56660228544456
108.56874241912405
50.365016963540256
21.488176329992882
153.16156752830798
264.4420753493572
9.098290432038795
175.32424484394497
253.77423110778432
149.57067463266452
-16.790214473343866
241.15416865813816
215.52774243495512
-0.6424368113397918
241.1172462980451
-48.96876517392893
58.49306745775684
166.78664987216217
108.67424787297385
-43.95556899459661
120.29956728719372
130.26376838430286
108.1708335034345
63.04273783106407
112.93778297281476
121.38687723555786
99.91925357361661
37.322850171546236
-27.701986520707393
159.27292406010594
128.96482443611436
43.46019142056326
186.179355861535
-28.599887740415838
191.85254466502855
129.0198178264132
196.3377847108342
38.866316809197684
141.16099531276177
91.22898080304275
105.0662191029379
218.05476253642962
-26.982661241185127
136.36893250497323
-4.920762190562371
133.259515464635
139.6707581014777
37.51415459964801
172.80936154207583
141.4803304736243
246.62077635170297
17.80236683530603
116.08860604039853
17.934423414417083
124.35715049476303
85.27478250341758
138.29390320793928
95.09617284855018
106.63352721590412
149.56271999713692
54.665780154007535
135.89179701268543
45.72138431059636
162.91481784901808
120.04204291603212
129.5075167303378
125.25091932191407
153.87593357353595
80.74681076292717
3.100175141144149
89.55271401972598
155.88917994299405
107.50936698021957
66.48359337521502
87.68552375023559
119.65409550739939
81.52866908174185
55.2390390192561
56.0122995378193
193.40952290199985
100.69808361612928
51.83823761242767
226.34795341856963
40.50756413444614
147.4446389535492
114.46531038974172
98.97776440722814
193.60415451998642
177.79159438729073
197.02202117040906
35.687939998722385
247.41730978664842
244.7151943996231
107.5938102141587
172.91514885943107
108.75840755042637
